73,3
73,2
73,1
73,0
72,5
72,4
72,3
72,2
72,1
72,0
71,4
71,3
71,2
71,1
71,0
70,4
70,3
70,2
70,1
70,0
69,4
69,3
69,2
69,1
69,0
0,519
0,518
0,517
0,516
0,515
0,514
0,513
0,512
0,511
0,510
0,509
68,3
68,2
68,1
68,0
0,508
67,5
0,507
67,4
0,506
67,3
67,2
0,505
67,1
67,0
0,504
66,4
66,3
66,2
66,1
66,0
65,4
65,3
65,2
65,1
65,0
64,4
64,3
64,2
64,1
64,0
63,3
63,2
63,1
63,0
62,5
62,4
62,3
62,2
62,1
62,0
61,4
61,3
61,2
61,1
61,0
0,503
0,502
60,4
0,501
60,3
60,2
0,500
60,1
60,0
0,499
0,498
59,4
0,497
59,3
59,2
0,496
59,1
59,0
0,495
0,494
0,493
0,492
0,491
0,490
0,489
0,488
0,487
0,486
0,485
0,484
0,483
0,482
58,3
58,2
0,481
58,1
58,0
0,480
0,479
0,478
57,3
57,2
57,1
57,0
0,477
0,476
56,5
0,475
0,474
56,4
0,473
0,472
56,3
56,2
56,1
56,0
55,4
55,3
